time,x,y,z,phi,theta,psi,x_velocity,y_velocity,z_velocity,phi_velocity,theta_velocity,psi_velocity,rotor_speed1,rotor_speed2,rotor_speed3,rotor_speed4,reward
0.02,0.0,0.0,10.007775785765944,0.0,0.0,0.0,0.0,0.0,0.7775785765943526,0.0,0.0,0.0,899.8841921910691,899.8841921910691,899.8841921910691,899.8841921910691,-2.5919285886478367e-05
0.04,0.0,0.0,10.031099886608544,0.0,0.0,0.0,0.0,0.0,1.5548315076656518,0.0,0.0,0.0,900.0294618785066,900.0294618785066,900.0294618785066,900.0294618785066,-0.00010366628869514709
0.06,0.0,0.0,10.069951461971419,0.0,0.0,0.0,0.0,0.0,2.330326028621838,0.0,0.0,0.0,900.0583834488573,900.0583834488573,900.0583834488573,900.0583834488573,-0.00023317153990472998
0.08,0.0,0.0,10.12428113993698,0.0,0.0,0.0,0.0,0.0,3.10264176793421,0.0,0.0,0.0,899.9729412325196,899.9729412325196,899.9729412325196,899.9729412325196,-0.00041427046645659736
0.1,0.0,0.0,10.194010739940708,0.0,0.0,0.0,0.0,0.0,3.870318232438714,0.0,0.0,0.0,899.7468312595614,899.7468312595614,899.7468312595614,899.7468312595614,-0.0006467024664690276
0.12000000000000001,0.0,0.0,10.27903353736092,0.0,0.0,0.0,0.0,0.0,4.631961509582377,0.0,0.0,0.0,899.3989121034768,899.3989121034768,899.3989121034768,899.3989121034768,-0.0009301117912030676
0.14,0.0,0.0,10.379230440580155,0.0,0.0,0.0,0.0,0.0,5.387728812341167,0.0,0.0,0.0,899.6307957302866,899.6307957302866,899.6307957302866,899.6307957302866,-0.0012641014686005174
0.16,0.0,0.0,10.494463473175315,0.0,0.0,0.0,0.0,0.0,6.135574447174867,0.0,0.0,0.0,899.4123939389156,899.4123939389156,899.4123939389156,899.4123939389156,-0.0016482115772510515
0.18,0.0,0.0,10.624567726453714,0.0,0.0,0.0,0.0,0.0,6.874850880664896,0.0,0.0,0.0,899.3666423309428,899.3666423309428,899.3666423309428,899.3666423309428,-0.00208189242151238
0.19999999999999998,0.0,0.0,10.769363206463588,0.0,0.0,0.0,0.0,0.0,7.604697120322615,0.0,0.0,0.0,899.3747703824187,899.3747703824187,899.3747703824187,899.3747703824187,-0.0025645440215452927
0.21999999999999997,0.0,0.0,10.92865206028769,0.0,0.0,0.0,0.0,0.0,8.324188262087777,0.0,0.0,0.0,899.3841030931454,899.3841030931454,899.3841030931454,899.3841030931454,-0.0030955068676256363
0.23999999999999996,0.0,0.0,11.10221662135863,0.0,0.0,0.0,0.0,0.0,9.032267845006254,0.0,0.0,0.0,899.3081473985989,899.3081473985989,899.3081473985989,899.3081473985989,-0.003674055404528769
0.25999999999999995,0.0,0.0,11.289823556657094,0.0,0.0,0.0,0.0,0.0,9.728425684840044,0.0,0.0,0.0,899.3706692531991,899.3706692531991,899.3706692531991,899.3706692531991,-0.004299411855523646
0.27999999999999997,0.0,0.0,11.49122435608555,0.0,0.0,0.0,0.0,0.0,10.411654258005532,0.0,0.0,0.0,899.3152495719371,899.3152495719371,899.3152495719371,899.3152495719371,-0.004970747853618498
0.3,0.0,0.0,11.706153666858464,0.0,0.0,0.0,0.0,0.0,11.081276819285968,0.0,0.0,0.0,899.2628356034605,899.2628356034605,899.2628356034605,899.2628356034605,-0.0056871788895282134
0.32,0.0,0.0,11.93433149071805,0.0,0.0,0.0,0.0,0.0,11.736505566672589,0.0,0.0,0.0,899.1312884253188,899.1312884253188,899.1312884253188,899.1312884253188,-0.006447771635726832
0.34,0.0,0.0,12.17546950055822,0.0,0.0,0.0,0.0,0.0,12.37729541734449,0.0,0.0,0.0,899.2310816485402,899.2310816485402,899.2310816485402,899.2310816485402,-0.007251565001860734
0.36000000000000004,0.0,0.0,12.429270555980082,0.0,0.0,0.0,0.0,0.0,13.00281012484163,0.0,0.0,0.0,899.1701448602402,899.1701448602402,899.1701448602402,899.1701448602402,-0.008097568519933608
0.38000000000000006,0.0,0.0,12.695424877583843,0.0,0.0,0.0,0.0,0.0,13.612622035534528,0.0,0.0,0.0,899.1025232911953,899.1025232911953,899.1025232911953,899.1025232911953,-0.008984749591946143
0.4000000000000001,0.0,0.0,12.973617948878097,0.0,0.0,0.0,0.0,0.0,14.206685093890764,0.0,0.0,0.0,899.1735641828576,899.1735641828576,899.1735641828576,899.1735641828576,-0.009912059829593657
0.4200000000000001,0.0,0.0,13.263535333374502,0.0,0.0,0.0,0.0,0.0,14.78505335574975,0.0,0.0,0.0,899.4029796474682,899.4029796474682,899.4029796474682,899.4029796474682,-0.010878451111248341
0.4400000000000001,0.0,0.0,13.56484590282274,0.0,0.0,0.0,0.0,0.0,15.346003589073975,0.0,0.0,0.0,898.9439267817733,898.9439267817733,898.9439267817733,898.9439267817733,-0.011882819676075797
0.46000000000000013,0.0,0.0,13.877208228749947,0.0,0.0,0.0,0.0,0.0,15.890229003646601,0.0,0.0,0.0,898.8656922711077,898.8656922711077,898.8656922711077,898.8656922711077,-0.012924027429166488
0.48000000000000015,0.0,0.0,14.200288486545945,0.0,0.0,0.0,0.0,0.0,16.41779677595329,0.0,0.0,0.0,898.8621729669784,898.8621729669784,898.8621729669784,898.8621729669784,-0.014000961621819817
0.5000000000000001,0.0,0.0,14.533763312680923,0.0,0.0,0.0,0.0,0.0,16.92968583754464,0.0,0.0,0.0,899.3315356303624,899.3315356303624,899.3315356303624,899.3315356303624,-0.015112544375603078
0.5200000000000001,0.0,0.0,14.877313911046704,0.0,0.0,0.0,0.0,0.0,17.42537399903339,0.0,0.0,0.0,899.5702868908611,899.5702868908611,899.5702868908611,899.5702868908611,-0.016257713036822347
0.5400000000000001,0.0,0.0,15.230615447590177,0.0,0.0,0.0,0.0,0.0,17.904779655313774,0.0,0.0,0.0,899.7523322647147,899.7523322647147,899.7523322647147,899.7523322647147,-0.01743538482530059
0.5600000000000002,0.0,0.0,15.593344301713564,0.0,0.0,0.0,0.0,0.0,18.36810575702495,0.0,0.0,0.0,899.9861585273846,899.9861585273846,899.9861585273846,899.9861585273846,-0.01864448100571188
0.5800000000000002,0.0,0.0,15.965175650800278,0.0,0.0,0.0,0.0,0.0,18.815029151646247,0.0,0.0,0.0,900.0107773537235,900.0107773537235,900.0107773537235,900.0107773537235,-0.019883918836000925
0.6000000000000002,0.0,0.0,16.34577884239498,0.0,0.0,0.0,0.0,0.0,19.24529000782435,0.0,0.0,0.0,899.8297676982113,899.8297676982113,899.8297676982113,899.8297676982113,-0.021152596141316603
0.6200000000000002,0.0,0.0,16.73482189905611,0.0,0.0,0.0,0.0,0.0,19.659015658288688,0.0,0.0,0.0,899.5976590629803,899.5976590629803,899.5976590629803,899.5976590629803,-0.02244940633018704
0.6400000000000002,0.0,0.0,17.131983174070186,0.0,0.0,0.0,0.0,0.0,20.05711184311855,0.0,0.0,0.0,899.6572875216793,899.6572875216793,899.6572875216793,899.6572875216793,-0.02377327724690062
0.6600000000000003,0.0,0.0,17.536953399598517,0.0,0.0,0.0,0.0,0.0,20.439910709714624,0.0,0.0,0.0,899.741294604537,899.741294604537,899.741294604537,899.741294604537,-0.025123177998661723
0.6800000000000003,0.0,0.0,17.949421471346053,0.0,0.0,0.0,0.0,0.0,20.806896465038964,0.0,0.0,0.0,899.4467858601807,899.4467858601807,899.4467858601807,899.4467858601807,-0.02649807157115351
0.7000000000000003,0.0,0.0,18.369080220988764,0.0,0.0,0.0,0.0,0.0,21.1589784992321,0.0,0.0,0.0,899.4073025448404,899.4073025448404,899.4073025448404,899.4073025448404,-0.027896934069962544
0.7200000000000003,0.0,0.0,18.795639440210948,0.0,0.0,0.0,0.0,0.0,21.496943422986195,0.0,0.0,0.0,899.5677818186291,899.5677818186291,899.5677818186291,899.5677818186291,-0.029318798134036494
0.7400000000000003,0.0,0.0,19.228822537197175,0.0,0.0,0.0,0.0,0.0,21.821366275636265,0.0,0.0,0.0,899.831374558238,899.831374558238,899.831374558238,899.831374558238,-0.030762741790657248
0.7600000000000003,0.0,0.0,19.668358156948674,0.0,0.0,0.0,0.0,0.0,22.13219569951388,0.0,0.0,0.0,899.906832238776,899.906832238776,899.906832238776,899.906832238776,-0.03222786052316225
0.7800000000000004,0.0,0.0,20.113975714371808,0.0,0.0,0.0,0.0,0.0,22.42956004279947,0.0,0.0,0.0,899.8643522109992,899.8643522109992,899.8643522109992,899.8643522109992,-0.03371325238123936
0.8000000000000004,0.0,0.0,20.565415802222592,0.0,0.0,0.0,0.0,0.0,22.71444874227899,0.0,0.0,0.0,900.0932185087585,900.0932185087585,900.0932185087585,900.0932185087585,-0.03521805267407531
0.8200000000000004,0.0,0.0,21.022427452376544,0.0,0.0,0.0,0.0,0.0,22.986716273116368,0.0,0.0,0.0,900.0781715046892,900.0781715046892,900.0781715046892,900.0781715046892,-0.036741424841255144
0.8400000000000004,0.0,0.0,21.484756465439297,0.0,0.0,0.0,0.0,0.0,23.246185033158774,0.0,0.0,0.0,899.7916910668554,899.7916910668554,899.7916910668554,899.7916910668554,-0.038282521551464326
0.8600000000000004,0.0,0.0,21.952158121343984,0.0,0.0,0.0,0.0,0.0,23.493980557310252,0.0,0.0,0.0,899.8232671147595,899.8232671147595,899.8232671147595,899.8232671147595,-0.03984052707114662
0.8800000000000004,0.0,0.0,22.42440111436372,0.0,0.0,0.0,0.0,0.0,23.73031874466338,0.0,0.0,0.0,899.7672179444121,899.7672179444121,899.7672179444121,899.7672179444121,-0.0414146703812124
0.9000000000000005,0.0,0.0,22.901266357955617,0.0,0.0,0.0,0.0,0.0,23.956205614526443,0.0,0.0,0.0,899.9857127970379,899.9857127970379,899.9857127970379,899.9857127970379,-0.04300422119318539
0.9200000000000005,0.0,0.0,23.382542739843952,0.0,0.0,0.0,0.0,0.0,24.171432574307342,0.0,0.0,0.0,899.9315671460633,899.9315671460633,899.9315671460633,899.9315671460633,-0.04460847579947984
0.9400000000000005,0.0,0.0,23.86802014996833,0.0,0.0,0.0,0.0,0.0,24.376308438130586,0.0,0.0,0.0,899.8330609822299,899.8330609822299,899.8330609822299,899.8330609822299,-0.04622673383322777
0.9600000000000005,0.0,0.0,24.357490882719542,0.0,0.0,0.0,0.0,0.0,24.570764836990616,0.0,0.0,0.0,899.5162982017279,899.5162982017279,899.5162982017279,899.5162982017279,-0.04785830294239848
0.9800000000000005,0.0,0.0,24.850754370475293,0.0,0.0,0.0,0.0,0.0,24.75558393858451,0.0,0.0,0.0,899.3673876834549,899.3673876834549,899.3673876834549,899.3673876834549,-0.04950251456825098
1.0000000000000004,0.0,0.0,25.34762687585982,0.0,0.0,0.0,0.0,0.0,24.93166659986816,0.0,0.0,0.0,899.4533676383122,899.4533676383122,899.4533676383122,899.4533676383122,-0.05115875625286607
1.0200000000000005,0.0,0.0,25.847929449127154,0.0,0.0,0.0,0.0,0.0,25.09859072686508,0.0,0.0,0.0,899.1776284559859,899.1776284559859,899.1776284559859,899.1776284559859,-0.052826431497090515
1.0400000000000005,0.0,0.0,26.351492624122233,0.0,0.0,0.0,0.0,0.0,25.257726772642837,0.0,0.0,0.0,899.3558544597488,899.3558544597488,899.3558544597488,899.3558544597488,-0.054504975413740775
1.0600000000000005,0.0,0.0,26.858160179859063,0.0,0.0,0.0,0.0,0.0,25.40902880104004,0.0,0.0,0.0,899.3598303192587,899.3598303192587,899.3598303192587,899.3598303192587,-0.05619386726619688
1.0800000000000005,0.0,0.0,27.367784137513667,0.0,0.0,0.0,0.0,0.0,25.553366964420178,0.0,0.0,0.0,899.6089990723041,899.6089990723041,899.6089990723041,899.6089990723041,-0.05789261379171222
1.1000000000000005,0.0,0.0,27.880220867087704,0.0,0.0,0.0,0.0,0.0,25.690305992983653,0.0,0.0,0.0,899.5163423790801,899.5163423790801,899.5163423790801,899.5163423790801,-0.05960073622362568
1.1200000000000006,0.0,0.0,28.395338617751154,0.0,0.0,0.0,0.0,0.0,25.821469073361218,0.0,0.0,0.0,900.0211685565212,900.0211685565212,900.0211685565212,900.0211685565212,-0.06131779539250384
1.1400000000000006,0.0,0.0,28.913010557029097,0.0,0.0,0.0,0.0,0.0,25.94572485443317,0.0,0.0,0.0,899.8846988952187,899.8846988952187,899.8846988952187,899.8846988952187,-0.06304336852343032
1.1600000000000006,0.0,0.0,29.43311375595177,0.0,0.0,0.0,0.0,0.0,26.064595037834234,0.0,0.0,0.0,900.3051421893321,900.3051421893321,900.3051421893321,900.3051421893321,-0.06477704585317257
1.1800000000000006,0.0,0.0,29.95553220991225,0.0,0.0,0.0,0.0,0.0,26.17725035821385,0.0,0.0,0.0,900.2291146937768,900.2291146937768,900.2291146937768,900.2291146937768,-0.0665184406997075
1.2000000000000006,0.0,0.0,30.480148123826705,0.0,0.0,0.0,0.0,0.0,26.284341033231627,0.0,0.0,0.0,900.3192106127283,900.3192106127283,900.3192106127283,900.3192106127283,-0.06826716041275568
1.2200000000000006,0.0,0.0,31.006847698065904,0.0,0.0,0.0,0.0,0.0,26.385616390688316,0.0,0.0,0.0,900.1725532234558,900.1725532234558,900.1725532234558,900.1725532234558,-0.07002282566021968
1.2400000000000007,0.0,0.0,31.53552101410739,0.0,0.0,0.0,0.0,0.0,26.481715213459985,0.0,0.0,0.0,900.1927050390761,900.1927050390761,900.1927050390761,900.1927050390761,-0.07178507004702463
1.2600000000000007,0.0,0.0,32.06607165052117,0.0,0.0,0.0,0.0,0.0,26.573348427917864,0.0,0.0,0.0,900.4267062011628,900.4267062011628,900.4267062011628,900.4267062011628,-0.07355357216840389
1.2800000000000007,0.0,0.0,32.59840839999192,0.0,0.0,0.0,0.0,0.0,26.660326519157238,0.0,0.0,0.0,900.4740789276901,900.4740789276901,900.4740789276901,900.4740789276901,-0.07532802799997305
1.3000000000000007,0.0,0.0,33.13243346124691,0.0,0.0,0.0,0.0,0.0,26.74217960634223,0.0,0.0,0.0,900.1995683337788,900.1995683337788,900.1995683337788,900.1995683337788,-0.0771081115374897
1.3200000000000007,0.0,0.0,33.668046866043696,0.0,0.0,0.0,0.0,0.0,26.819160873336156,0.0,0.0,0.0,899.9248358968766,899.9248358968766,899.9248358968766,899.9248358968766,-0.07889348955347898
1.3400000000000007,0.0,0.0,34.20516258374902,0.0,0.0,0.0,0.0,0.0,26.89241089719684,0.0,0.0,0.0,900.0652858216091,900.0652858216091,900.0652858216091,900.0652858216091,-0.0806838752791634
1.3600000000000008,0.0,0.0,34.74370349360807,0.0,0.0,0.0,0.0,0.0,26.961680088708103,0.0,0.0,0.0,900.0048676681046,900.0048676681046,900.0048676681046,900.0048676681046,-0.08247901164536024
1.3800000000000008,0.0,0.0,35.28360270367912,0.0,0.0,0.0,0.0,0.0,27.02824091839683,0.0,0.0,0.0,900.440441146042,900.440441146042,900.440441146042,900.440441146042,-0.08427867567893041
1.4000000000000008,0.0,0.0,35.82479541762151,0.0,0.0,0.0,0.0,0.0,27.091030475842146,0.0,0.0,0.0,900.3227662490086,900.3227662490086,900.3227662490086,900.3227662490086,-0.08608265139207169
1.4200000000000008,0.0,0.0,36.36721126814405,0.0,0.0,0.0,0.0,0.0,27.15055457641215,0.0,0.0,0.0,900.3504577831303,900.3504577831303,900.3504577831303,900.3504577831303,-0.08789070422714683
1.4400000000000008,0.0,0.0,36.910781132783875,0.0,0.0,0.0,0.0,0.0,27.20643188757089,0.0,0.0,0.0,900.1252112988478,900.1252112988478,900.1252112988478,900.1252112988478,-0.08970260377594624
1.4600000000000009,0.0,0.0,37.455439992035906,0.0,0.0,0.0,0.0,0.0,27.259454037631883,0.0,0.0,0.0,900.1793547244348,900.1793547244348,900.1793547244348,900.1793547244348,-0.09151813330678635
1.4800000000000009,0.0,0.0,38.00113679425155,0.0,0.0,0.0,0.0,0.0,27.310226183932954,0.0,0.0,0.0,900.4456260015702,900.4456260015702,900.4456260015702,900.4456260015702,-0.09333712264750517
1.5000000000000009,0.0,0.0,38.54781510112366,0.0,0.0,0.0,0.0,0.0,27.35760450327799,0.0,0.0,0.0,900.1301072658815,900.1301072658815,900.1301072658815,900.1301072658815,-0.0951593836704122
1.520000000000001,0.0,0.0,39.095406321559544,0.0,0.0,0.0,0.0,0.0,27.40151754031059,0.0,0.0,0.0,899.6997024139685,899.6997024139685,899.6997024139685,899.6997024139685,-0.09698468773853182
1.540000000000001,0.0,0.0,39.64384791144552,0.0,0.0,0.0,0.0,0.0,27.442641448286857,0.0,0.0,0.0,899.4979965324864,899.4979965324864,899.4979965324864,899.4979965324864,-0.09881282637148506
1.560000000000001,0.0,0.0,40.19308395066328,0.0,0.0,0.0,0.0,0.0,27.48096247348918,0.0,0.0,0.0,899.2222938692297,899.2222938692297,899.2222938692297,899.2222938692297,-0.1006436131688776
1.580000000000001,0.0,0.0,40.74307340385477,0.0,0.0,0.0,0.0,0.0,27.517982845660303,0.0,0.0,0.0,899.5734849712818,899.5734849712818,899.5734849712818,899.5734849712818,-0.10247691134618257
1.600000000000001,0.0,0.0,41.2937846634553,0.0,0.0,0.0,0.0,0.0,27.55314311439235,0.0,0.0,0.0,899.6347082765647,899.6347082765647,899.6347082765647,899.6347082765647,-0.104312615544851
1.620000000000001,0.0,0.0,41.845184427099475,0.0,0.0,0.0,0.0,0.0,27.586833250025254,0.0,0.0,0.0,899.8311443122218,899.8311443122218,899.8311443122218,899.8311443122218,-0.10615061475699825
1.640000000000001,0.0,0.0,42.397246200252255,0.0,0.0,0.0,0.0,0.0,27.61934406525259,0.0,0.0,0.0,900.1264176825548,900.1264176825548,900.1264176825548,900.1264176825548,-0.10799082066750752
1.660000000000001,0.0,0.0,42.9499425797071,0.0,0.0,0.0,0.0,0.0,27.65029388023149,0.0,0.0,0.0,900.2167216600228,900.2167216600228,900.2167216600228,900.2167216600228,-0.10983314193235699
1.680000000000001,0.0,0.0,43.50323763858765,0.0,0.0,0.0,0.0,0.0,27.67921200782329,0.0,0.0,0.0,900.0513085406183,900.0513085406183,900.0513085406183,900.0513085406183,-0.11167745879529216
1.700000000000001,0.0,0.0,44.057101283106434,0.0,0.0,0.0,0.0,0.0,27.70715244405489,0.0,0.0,0.0,900.3231664539547,900.3231664539547,900.3231664539547,900.3231664539547,-0.11352367094368811
1.720000000000001,0.0,0.0,44.61150523608274,0.0,0.0,0.0,0.0,0.0,27.733242853576307,0.0,0.0,0.0,900.1679839891609,900.1679839891609,900.1679839891609,900.1679839891609,-0.1153716841202758
1.740000000000001,0.0,0.0,45.16642462019532,0.0,0.0,0.0,0.0,0.0,27.758695557681154,0.0,0.0,0.0,900.5274853604998,900.5274853604998,900.5274853604998,900.5274853604998,-0.11722141540065108
1.7600000000000011,0.0,0.0,45.72183744741717,0.0,0.0,0.0,0.0,0.0,27.78258716450415,0.0,0.0,0.0,900.4447762968316,900.4447762968316,900.4447762968316,900.4447762968316,-0.11907279149139058
1.7800000000000011,0.0,0.0,46.27770911502881,0.0,0.0,0.0,0.0,0.0,27.804579596659586,0.0,0.0,0.0,900.1671183639842,900.1671183639842,900.1671183639842,900.1671183639842,-0.12092569705009604
1.8000000000000012,0.0,0.0,46.834009117437304,0.0,0.0,0.0,0.0,0.0,27.82542064418964,0.0,0.0,0.0,900.1878760777872,900.1878760777872,900.1878760777872,900.1878760777872,-0.12278003039145768
1.8200000000000012,0.0,0.0,47.3907215710213,0.0,0.0,0.0,0.0,0.0,27.84582471421013,0.0,0.0,0.0,900.5103080975946,900.5103080975946,900.5103080975946,900.5103080975946,-0.12463573857007101
1.8400000000000012,0.0,0.0,47.94782600796825,0.0,0.0,0.0,0.0,0.0,27.864618980484604,0.0,0.0,0.0,900.2800141308898,900.2800141308898,900.2800141308898,900.2800141308898,-0.12649275335989418
1.8600000000000012,0.0,0.0,48.505298005229385,0.0,0.0,0.0,0.0,0.0,27.882580745628808,0.0,0.0,0.0,900.3688038577817,900.3688038577817,900.3688038577817,900.3688038577817,-0.1283509933507646
1.8800000000000012,0.0,0.0,49.06312286914607,0.0,0.0,0.0,0.0,0.0,27.899905646039127,0.0,0.0,0.0,900.5273240974418,900.5273240974418,900.5273240974418,900.5273240974418,-0.13021040956382024
1.9000000000000012,0.0,0.0,49.62128965998364,0.0,0.0,0.0,0.0,0.0,27.916773437717225,0.0,0.0,0.0,900.7530959318406,900.7530959318406,900.7530959318406,900.7530959318406,-0.1320709655332788
1.9200000000000013,0.0,0.0,50.17978274744911,0.0,0.0,0.0,0.0,0.0,27.9325353088302,0.0,0.0,0.0,900.6677971999819,900.6677971999819,900.6677971999819,900.6677971999819,-0.1339326091581637
1.9400000000000013,0.0,0.0,50.738578909197166,0.0,0.0,0.0,0.0,0.0,27.94708086597514,0.0,0.0,0.0,900.5037902234533,900.5037902234533,900.5037902234533,900.5037902234533,-0.13579526303065723
1.9600000000000013,0.0,0.0,51.297657295026575,0.0,0.0,0.0,0.0,0.0,27.960757716965862,0.0,0.0,0.0,900.4698952711451,900.4698952711451,900.4698952711451,900.4698952711451,-0.1376588576500886
1.9800000000000013,0.0,0.0,51.85699300724282,0.0,0.0,0.0,0.0,0.0,27.972813504658777,0.0,0.0,0.0,900.066407973781,900.066407973781,900.066407973781,900.066407973781,-0.13952331002414273
2.0000000000000013,0.0,0.0,52.416561724972475,0.0,0.0,0.0,0.0,0.0,27.98405826830602,0.0,0.0,0.0,899.9965090661432,899.9965090661432,899.9965090661432,899.9965090661432,-0.1413885390832416
2.0200000000000014,0.0,0.0,52.97634710943683,0.0,0.0,0.0,0.0,0.0,27.99448017812924,0.0,0.0,0.0,899.9007233854422,899.9007233854422,899.9007233854422,899.9007233854422,-0.14325449036478943
2.0400000000000014,0.0,0.0,53.53634295371859,0.0,0.0,0.0,0.0,0.0,28.005104250046728,0.0,0.0,0.0,900.2581643732896,900.2581643732896,900.2581643732896,900.2581643732896,-0.14512114317906197
2.0600000000000014,0.0,0.0,54.09654056369655,0.0,0.0,0.0,0.0,0.0,28.014656747749278,0.0,0.0,0.0,900.0318967842023,900.0318967842023,900.0318967842023,900.0318967842023,-0.14698846854565517
2.0800000000000014,0.0,0.0,54.65692428100818,0.0,0.0,0.0,0.0,0.0,28.02371498341334,0.0,0.0,0.0,900.0454853653675,900.0454853653675,900.0454853653675,900.0454853653675,-0.14885641427002727
2.1000000000000014,0.0,0.0,55.21748375257858,0.0,0.0,0.0,0.0,0.0,28.03223217362659,0.0,0.0,0.0,900.0249890407183,900.0249890407183,900.0249890407183,900.0249890407183,-0.1507249458419286
2.1200000000000014,0.0,0.0,55.77821124794112,0.0,0.0,0.0,0.0,0.0,28.040517362628027,0.0,0.0,0.0,900.1337383006944,900.1337383006944,900.1337383006944,900.1337383006944,-0.15259403749313707
2.1400000000000015,0.0,0.0,56.339097891461584,0.0,0.0,0.0,0.0,0.0,28.04814698941791,0.0,0.0,0.0,900.0408218777726,900.0408218777726,900.0408218777726,900.0408218777726,-0.15446365963820527
2.1600000000000015,0.0,0.0,56.90013262857937,0.0,0.0,0.0,0.0,0.0,28.055326722360288,0.0,0.0,0.0,900.0264232451879,900.0264232451879,900.0264232451879,900.0264232451879,-0.15633377542859792
2.1800000000000015,0.0,0.0,57.461305042543486,0.0,0.0,0.0,0.0,0.0,28.061914674051323,0.0,0.0,0.0,899.9350404271811,899.9350404271811,899.9350404271811,899.9350404271811,-0.1582043501418116
2.2000000000000015,0.0,0.0,58.02260743597072,0.0,0.0,0.0,0.0,0.0,28.068324668672012,0.0,0.0,0.0,900.0200394085787,900.0200394085787,900.0200394085787,900.0200394085787,-0.1600753581199024
2.2200000000000015,0.0,0.0,58.58404394086215,0.0,0.0,0.0,0.0,0.0,28.075325820471097,0.0,0.0,0.0,900.4560927588952,900.4560927588952,900.4560927588952,900.4560927588952,-0.16194681313620718
2.2400000000000015,0.0,0.0,59.14561236740154,0.0,0.0,0.0,0.0,0.0,28.081516833467685,0.0,0.0,0.0,900.2594110077277,900.2594110077277,900.2594110077277,900.2594110077277,-0.16381870789133846
2.2600000000000016,0.0,0.0,59.70730375723723,0.0,0.0,0.0,0.0,0.0,28.087622150100813,0.0,0.0,0.0,900.37706083464,900.37706083464,900.37706083464,900.37706083464,-0.1656910125241241
2.2800000000000016,0.0,0.0,60.269109703835426,0.0,0.0,0.0,0.0,0.0,28.092972509719104,0.0,0.0,0.0,900.1831899638785,900.1831899638785,900.1831899638785,900.1831899638785,-0.16756369901278476
2.3000000000000016,0.0,0.0,60.83101806085015,0.0,0.0,0.0,0.0,0.0,28.097863191752865,0.0,0.0,0.0,900.1066532878958,900.1066532878958,900.1066532878958,900.1066532878958,-0.16943672686950048
2.3200000000000016,0.0,0.0,61.39302109678122,0.0,0.0,0.0,0.0,0.0,28.102440401354407,0.0,0.0,0.0,900.0860514608111,900.0860514608111,900.0860514608111,900.0860514608111,-0.17131007032260406
2.3400000000000016,0.0,0.0,61.95511590229294,0.0,0.0,0.0,0.0,0.0,28.107040149818054,0.0,0.0,0.0,900.2128537061749,900.2128537061749,900.2128537061749,900.2128537061749,-0.1731837196743098
2.3600000000000017,0.0,0.0,62.51730046241549,0.0,0.0,0.0,0.0,0.0,28.11141586243708,0.0,0.0,0.0,900.226245056731,900.226245056731,900.226245056731,900.226245056731,-0.17505766820805163
2.3800000000000017,0.0,0.0,63.079571666623416,0.0,0.0,0.0,0.0,0.0,28.11570455835542,0.0,0.0,0.0,900.2972988177092,900.2972988177092,900.2972988177092,900.2972988177092,-0.17693190555541138
2.4000000000000017,0.0,0.0,63.641922344638,0.0,0.0,0.0,0.0,0.0,28.119363243102654,0.0,0.0,0.0,900.1151268692078,900.1151268692078,900.1151268692078,900.1151268692078,-0.17880640781545998
2.4200000000000017,0.0,0.0,64.20434011755175,0.0,0.0,0.0,0.0,0.0,28.122414048273082,0.0,0.0,0.0,899.9271355745075,899.9271355745075,899.9271355745075,899.9271355745075,-0.1806811337251725
2.4400000000000017,0.0,0.0,64.76681777939439,0.0,0.0,0.0,0.0,0.0,28.12535213599043,0.0,0.0,0.0,899.9526553316532,899.9526553316532,899.9526553316532,899.9526553316532,-0.18255605926464796
2.4600000000000017,0.0,0.0,65.32935334484368,0.0,0.0,0.0,0.0,0.0,28.12820440893903,0.0,0.0,0.0,899.9877542613665,899.9877542613665,899.9877542613665,899.9877542613665,-0.1844311778161456
2.4800000000000018,0.0,0.0,65.89194887972,0.0,0.0,0.0,0.0,0.0,28.131349078694353,0.0,0.0,0.0,900.1955467511071,900.1955467511071,900.1955467511071,900.1955467511071,-0.18630649626573334
2.5000000000000018,0.0,0.0,66.45460224205688,0.0,0.0,0.0,0.0,0.0,28.13398715499319,0.0,0.0,0.0,900.0413630501683,900.0413630501683,900.0413630501683,900.0413630501683,-0.18818200747352293
2.520000000000002,0.0,0.0,67.0173044498302,0.0,0.0,0.0,0.0,0.0,28.136233622340004,0.0,0.0,0.0,899.9274385459497,899.9274385459497,899.9274385459497,899.9274385459497,-0.19005768149943403
2.540000000000002,0.0,0.0,67.58004781028846,0.0,0.0,0.0,0.0,0.0,28.13810242348481,0.0,0.0,0.0,899.8099808708125,899.8099808708125,899.8099808708125,899.8099808708125,-0.19193349270096155
2.560000000000002,0.0,0.0,68.14282767834489,0.0,0.0,0.0,0.0,0.0,28.13988438215795,0.0,0.0,0.0,899.8174118952585,899.8174118952585,899.8174118952585,899.8174118952585,-0.19380942559448294
2.580000000000002,0.0,0.0,68.70563864132993,0.0,0.0,0.0,0.0,0.0,28.141211916346762,0.0,0.0,0.0,899.6526070623385,899.6526070623385,899.6526070623385,899.6526070623385,-0.1956854621377664
2.600000000000002,0.0,0.0,69.26847695562861,0.0,0.0,0.0,0.0,0.0,28.142619513521463,0.0,0.0,0.0,899.723462796912,899.723462796912,899.723462796912,899.723462796912,-0.19756158985209538
2.620000000000002,0.0,0.0,69.83134381532105,0.0,0.0,0.0,0.0,0.0,28.144066455720836,0.0,0.0,0.0,899.7775208577503,899.7775208577503,899.7775208577503,899.7775208577503,-0.19943781271773683
2.640000000000002,0.0,0.0,70.39423606957394,0.0,0.0,0.0,0.0,0.0,28.1451589695679,0.0,0.0,0.0,899.6504386467492,899.6504386467492,899.6504386467492,899.6504386467492,-0.2013141202319131
2.660000000000002,0.0,0.0,70.95715534715919,0.0,0.0,0.0,0.0,0.0,28.1467687889579,0.0,0.0,0.0,899.9175425127432,899.9175425127432,899.9175425127432,899.9175425127432,-0.20319051782386396
2.680000000000002,0.0,0.0,71.52010542306562,0.0,0.0,0.0,0.0,0.0,28.148238801684045,0.0,0.0,0.0,899.893895891424,899.893895891424,899.893895891424,899.893895891424,-0.20506701807688538
2.700000000000002,0.0,0.0,72.08308871507083,0.0,0.0,0.0,0.0,0.0,28.150090398837843,0.0,0.0,0.0,900.1077942548877,900.1077942548877,900.1077942548877,900.1077942548877,-0.2069436290502361
2.720000000000002,0.0,0.0,72.64610585557973,0.0,0.0,0.0,0.0,0.0,28.15162365205279,0.0,0.0,0.0,900.0077612045743,900.0077612045743,900.0077612045743,900.0077612045743,-0.20882035285193246
2.740000000000002,0.0,0.0,73.2091482119516,0.0,0.0,0.0,0.0,0.0,28.15261198513302,0.0,0.0,0.0,899.7948174700698,899.7948174700698,899.7948174700698,899.7948174700698,-0.21069716070650532
2.760000000000002,0.0,0.0,73.772214997439,0.0,0.0,0.0,0.0,0.0,28.154066563607234,0.0,0.0,0.0,900.035621833854,900.035621833854,900.035621833854,900.035621833854,-0.21257404999146332
2.780000000000002,0.0,0.0,74.33532006026893,0.0,0.0,0.0,0.0,0.0,28.156439719386636,0.0,0.0,0.0,900.4973145797022,900.4973145797022,900.4973145797022,900.4973145797022,-0.2144510668675631
2.800000000000002,0.0,0.0,74.89847152471926,0.0,0.0,0.0,0.0,0.0,28.158706725645157,0.0,0.0,0.0,900.5086914855813,900.5086914855813,900.5086914855813,900.5086914855813,-0.21632823841573084
2.820000000000002,0.0,0.0,75.46166819200793,0.0,0.0,0.0,0.0,0.0,28.160960003222613,0.0,0.0,0.0,900.5600815226824,900.5600815226824,900.5600815226824,900.5600815226824,-0.21820556064002644
2.840000000000002,0.0,0.0,76.02490594399795,0.0,0.0,0.0,0.0,0.0,28.162815195778688,0.0,0.0,0.0,900.4334925695946,900.4334925695946,900.4334925695946,900.4334925695946,-0.2200830198133265
2.860000000000002,0.0,0.0,76.58817972196931,0.0,0.0,0.0,0.0,0.0,28.164562601357186,0.0,0.0,0.0,900.4309330847553,900.4309330847553,900.4309330847553,900.4309330847553,-0.22196059907323104
2.880000000000002,0.0,0.0,77.15148449326924,0.0,0.0,0.0,0.0,0.0,28.165914528634932,0.0,0.0,0.0,900.2926493779789,900.2926493779789,900.2926493779789,900.2926493779789,-0.22383828164423078
2.900000000000002,0.0,0.0,77.71481811734887,0.0,0.0,0.0,0.0,0.0,28.16744787932806,0.0,0.0,0.0,900.4109568668359,900.4109568668359,900.4109568668359,900.4109568668359,-0.2257160603911629
2.920000000000002,0.0,0.0,78.27818726719892,0.0,0.0,0.0,0.0,0.0,28.169467105676624,0.0,0.0,0.0,900.6745628964619,900.6745628964619,900.6745628964619,900.6745628964619,-0.22759395755732972
2.940000000000002,0.0,0.0,78.84160181390101,0.0,0.0,0.0,0.0,0.0,28.171987564532508,0.0,0.0,0.0,900.9575611382804,900.9575611382804,900.9575611382804,900.9575611382804,-0.2294720060463367
2.960000000000002,0.0,0.0,79.40505884256311,0.0,0.0,0.0,0.0,0.0,28.173715301677355,0.0,0.0,0.0,900.6555188262687,900.6555188262687,900.6555188262687,900.6555188262687,-0.23135019614187702
2.980000000000002,0.0,0.0,79.96854347870975,0.0,0.0,0.0,0.0,0.0,28.174748312987525,0.0,0.0,0.0,900.3784734997673,900.3784734997673,900.3784734997673,900.3784734997673,-0.2332284782623658
3.000000000000002,0.0,0.0,80.53204945930638,0.0,0.0,0.0,0.0,0.0,28.175849746674633,0.0,0.0,0.0,900.4364264435552,900.4364264435552,900.4364264435552,900.4364264435552,-0.23510683153102127
3.0200000000000022,0.0,0.0,81.09557116465571,0.0,0.0,0.0,0.0,0.0,28.176320788258987,0.0,0.0,0.0,900.1730942929462,900.1730942929462,900.1730942929462,900.1730942929462,-0.23698523721551903
3.0400000000000023,0.0,0.0,81.65910407276651,0.0,0.0,0.0,0.0,0.0,28.176970022821376,0.0,0.0,0.0,900.2674824954321,900.2674824954321,900.2674824954321,900.2674824954321,-0.23886368024255503
3.0600000000000023,0.0,0.0,82.22264983357996,0.0,0.0,0.0,0.0,0.0,28.177606058525125,0.0,0.0,0.0,900.2779312225181,900.2779312225181,900.2779312225181,900.2779312225181,-0.24074216611193322
3.0800000000000023,0.0,0.0,82.78620429376694,0.0,0.0,0.0,0.0,0.0,28.1778399601724,0.0,0.0,0.0,900.1082316654266,900.1082316654266,900.1082316654266,900.1082316654266,-0.24262068097922315
3.1000000000000023,0.0,0.0,83.34976164180644,0.0,0.0,0.0,0.0,0.0,28.177894843776276,0.0,0.0,0.0,900.0314206379327,900.0314206379327,900.0314206379327,900.0314206379327,-0.24449920547268814
3.1200000000000023,0.0,0.0,83.91331831921902,0.0,0.0,0.0,0.0,0.0,28.1777728974812,0.0,0.0,0.0,899.9510496227775,899.9510496227775,899.9510496227775,899.9510496227775,-0.24637772773073005
3.1400000000000023,0.0,0.0,84.47686811462607,0.0,0.0,0.0,0.0,0.0,28.177206643224267,0.0,0.0,0.0,899.7424471294145,899.7424471294145,899.7424471294145,899.7424471294145,-0.24825622704875358
3.1600000000000024,0.0,0.0,85.0404061256727,0.0,0.0,0.0,0.0,0.0,28.176594461439493,0.0,0.0,0.0,899.7067585915903,899.7067585915903,899.7067585915903,899.7067585915903,-0.2501346870855757
3.1800000000000024,0.0,0.0,85.6039338144048,0.0,0.0,0.0,0.0,0.0,28.176174411771107,0.0,0.0,0.0,899.7800147522456,899.7800147522456,899.7800147522456,899.7800147522456,-0.2520131127146827
3.2000000000000024,0.0,0.0,86.16745503358953,0.0,0.0,0.0,0.0,0.0,28.175947506702943,0.0,0.0,0.0,899.8586335536639,899.8586335536639,899.8586335536639,899.8586335536639,-0.25389151677863175
3.2200000000000024,0.0,0.0,86.7309660295216,0.0,0.0,0.0,0.0,0.0,28.17515208650446,0.0,0.0,0.0,899.5898720702775,899.5898720702775,899.5898720702775,899.5898720702775,-0.255769886765072
3.2400000000000024,0.0,0.0,87.29446038471671,0.0,0.0,0.0,0.0,0.0,28.174283433007094,0.0,0.0,0.0,899.535698924013,899.535698924013,899.535698924013,899.535698924013,-0.257648201282389
3.2600000000000025,0.0,0.0,87.8579371032808,0.0,0.0,0.0,0.0,0.0,28.173388423402844,0.0,0.0,0.0,899.5013440051628,899.5013440051628,899.5013440051628,899.5013440051628,-0.259526457010936
3.2800000000000025,0.0,0.0,88.4213985336173,0.0,0.0,0.0,0.0,0.0,28.17275461024738,0.0,0.0,0.0,899.5993554246913,899.5993554246913,899.5993554246913,899.5993554246913,-0.26140466177872435
3.3000000000000025,0.0,0.0,88.98484897170496,0.0,0.0,0.0,0.0,0.0,28.172289198518428,0.0,0.0,0.0,899.6610930945818,899.6610930945818,899.6610930945818,899.6610930945818,-0.2632828299056832
3.3200000000000025,0.0,0.0,89.5482948563757,0.0,0.0,0.0,0.0,0.0,28.17229926855547,0.0,0.0,0.0,899.8691538875796,899.8691538875796,899.8691538875796,899.8691538875796,-0.26516098285458567
3.3400000000000025,0.0,0.0,90.111742685295,0.0,0.0,0.0,0.0,0.0,28.17248362337437,0.0,0.0,0.0,899.950011642802,899.950011642802,899.950011642802,899.950011642802,-0.2670391422843167
3.3600000000000025,0.0,0.0,90.67518563910168,0.0,0.0,0.0,0.0,0.0,28.17181175729407,0.0,0.0,0.0,899.5586707971748,899.5586707971748,899.5586707971748,899.5586707971748,-0.2689172854636723
3.3800000000000026,0.0,0.0,91.23861059183903,0.0,0.0,0.0,0.0,0.0,28.170683516440356,0.0,0.0,0.0,899.3303629734772,899.3303629734772,899.3303629734772,899.3303629734772,-0.27079536863946346
3.4000000000000026,0.0,0.0,91.80200837164536,0.0,0.0,0.0,0.0,0.0,28.169094464191566,0.0,0.0,0.0,899.0882971096052,899.0882971096052,899.0882971096052,899.0882971096052,-0.27267336123881786
3.4200000000000026,0.0,0.0,92.36537760637651,0.0,0.0,0.0,0.0,0.0,28.167829008924087,0.0,0.0,0.0,899.1975284711406,899.1975284711406,899.1975284711406,899.1975284711406,-0.2745512586879217
3.4400000000000026,0.0,0.0,92.92872928278592,0.0,0.0,0.0,0.0,0.0,28.167338632017813,0.0,0.0,0.0,899.5239133163309,899.5239133163309,899.5239133163309,899.5239133163309,-0.2764290976092864
3.4600000000000026,0.0,0.0,93.49207896421562,0.0,0.0,0.0,0.0,0.0,28.167629510952356,0.0,0.0,0.0,899.872798667597,899.872798667597,899.872798667597,899.872798667597,-0.27830692988071876
3.4800000000000026,0.0,0.0,94.05543693381654,0.0,0.0,0.0,0.0,0.0,28.168167449138043,0.0,0.0,0.0,899.9944678545912,899.9944678545912,899.9944678545912,899.9944678545912,-0.28018478977938843
3.5000000000000027,0.0,0.0,94.6188096386497,0.0,0.0,0.0,0.0,0.0,28.16910303417733,0.0,0.0,0.0,900.1920404825694,900.1920404825694,900.1920404825694,900.1920404825694,-0.282062698795499
3.5200000000000027,0.0,0.0,95.18220290840641,0.0,0.0,0.0,0.0,0.0,28.170223941493926,0.0,0.0,0.0,900.301557666449,900.301557666449,900.301557666449,900.301557666449,-0.2839406763613547
3.5400000000000027,0.0,0.0,95.74561925526882,0.0,0.0,0.0,0.0,0.0,28.171410744747106,0.0,0.0,0.0,900.3605833543237,900.3605833543237,900.3605833543237,900.3605833543237,-0.2858187308508961
3.5600000000000027,0.0,0.0,96.30904572345732,0.0,0.0,0.0,0.0,0.0,28.171236074102467,0.0,0.0,0.0,899.7613072924978,899.7613072924978,899.7613072924978,899.7613072924978,-0.28769681907819106
3.5800000000000027,0.0,0.0,96.87246954363576,0.0,0.0,0.0,0.0,0.0,28.171145943741863,0.0,0.0,0.0,899.7959557792738,899.7959557792738,899.7959557792738,899.7959557792738,-0.28957489847878587
3.6000000000000028,0.0,0.0,97.4358956156111,0.0,0.0,0.0,0.0,0.0,28.17146125379254,0.0,0.0,0.0,899.9811648859155,899.9811648859155,899.9811648859155,899.9811648859155,-0.29145298538537034
3.6200000000000028,0.0,0.0,97.9993274997402,0.0,0.0,0.0,0.0,0.0,28.1717271591182,0.0,0.0,0.0,899.9663574915513,899.9663574915513,899.9663574915513,899.9663574915513,-0.2933310916658007
3.640000000000003,0.0,0.0,98.56276551324187,0.0,0.0,0.0,0.0,0.0,28.172074191048484,0.0,0.0,0.0,900.0106519762837,900.0106519762837,900.0106519762837,900.0106519762837,-0.2952092183774729
3.660000000000003,0.0,0.0,99.12620712826008,0.0,0.0,0.0,0.0,0.0,28.172087310772152,0.0,0.0,0.0,899.8650817574422,899.8650817574422,899.8650817574422,899.8650817574422,-0.29708735709420026
3.680000000000003,0.0,0.0,99.68964855755392,0.0,0.0,0.0,0.0,0.0,28.172055618612482,0.0,0.0,0.0,899.8446910223023,899.8446910223023,899.8446910223023,899.8446910223023,-0.2989654951918464
3.700000000000003,0.0,0.0,100.25309157767383,0.0,0.0,0.0,0.0,0.0,28.1722463933783,0.0,0.0,0.0,899.9467681465451,899.9467681465451,899.9467681465451,899.9467681465451,-0.3008436385922461
3.720000000000003,0.0,0.0,100.81654222996896,0.0,0.0,0.0,0.0,0.0,28.17281883613447,0.0,0.0,0.0,900.128115684127,900.128115684127,900.128115684127,900.128115684127,-0.30272180743322985
3.740000000000003,0.0,0.0,101.38000478750952,0.0,0.0,0.0,0.0,0.0,28.17343691792155,0.0,0.0,0.0,900.1638093370755,900.1638093370755,900.1638093370755,900.1638093370755,-0.30460001595836506
3.760000000000003,0.0,0.0,101.94347449755324,0.0,0.0,0.0,0.0,0.0,28.1735340864496,0.0,0.0,0.0,899.9387000800747,899.9387000800747,899.9387000800747,899.9387000800747,-0.30647824832517745
3.780000000000003,0.0,0.0,102.50695348690937,0.0,0.0,0.0,0.0,0.0,28.1743648491637,0.0,0.0,0.0,900.2803650637935,900.2803650637935,900.2803650637935,900.2803650637935,-0.30835651162303124
3.800000000000003,0.0,0.0,103.07044514236617,0.0,0.0,0.0,0.0,0.0,28.17480069651696,0.0,0.0,0.0,900.1189660945822,900.1189660945822,900.1189660945822,900.1189660945822,-0.3102348171412206
3.820000000000003,0.0,0.0,103.63394587277898,0.0,0.0,0.0,0.0,0.0,28.175272344764384,0.0,0.0,0.0,900.1466302675026,900.1466302675026,900.1466302675026,900.1466302675026,-0.3121131529092633
3.840000000000003,0.0,0.0,104.19745344459159,0.0,0.0,0.0,0.0,0.0,28.17548483649609,0.0,0.0,0.0,900.0388282764685,900.0388282764685,900.0388282764685,900.0388282764685,-0.31399151148197196
3.860000000000003,0.0,0.0,104.76096318716654,0.0,0.0,0.0,0.0,0.0,28.175489420998172,0.0,0.0,0.0,899.9481052543234,899.9481052543234,899.9481052543234,899.9481052543234,-0.3158698772905551
3.880000000000003,0.0,0.0,105.32447303634201,0.0,0.0,0.0,0.0,0.0,28.175495496549463,0.0,0.0,0.0,899.9489116913306,899.9489116913306,899.9489116913306,899.9489116913306,-0.3177482434544734
